difference <- c(-0.0009919999999999929, -0.0009919999999999929, 0.0009561066409954355, -0.0010278933590046058, 0.0009198382193769672, -0.0010641617806230186, 0.0008828197796522663, -0.0011001802203477462, 0.0008466765733880499, -0.0011363234266119626, 0.0008100341662093391, -0.0011719658337906447, 0.000773518544613272, -0.0012074814553867386, 0.0007367562155198293, -0.0012422437844801792, 0.0007003743126489104, -0.0012776256873510694, 0.0006640007026328942, -0.001311999297367139, 0.0006282640837463327, -0.0013467359162536163, 0.0005917940912567032, -0.001380205908743326, 0.0005552214024243662, -0.001414778597575661, 0.0005191778339539432, -0.0014478221660460533, 0.0004832964458879596, -0.001481703554112035, 0.00044721164513633616, -0.0015147883548636276, 0.00041255928117073237, -0.001547440718829285, 0.0003769767481541786, -0.0015790232518458347, 0.00034110308645296517, -0.0016108969135470441, 0.0003065790762647458, -0.0016424209237352883, 0.00027104733753324783, -0.0016739526624667267, 0.00023715242909411183, -0.0017048475709058875, 0.0002025409398423439, -0.0017344590601576781, 0.00016886158600265544, -0.0017641384139973626, 0.00013476530751410642, -0.0017932346924858789, 0.00010090535642376386, -0.0018220946435762442, 6.79373910635328e-05, -0.0018510626089364712, 3.551956943159684e-05, -0.00187848043056843, 3.312634272722992e-06, -0.001905687365727271, -2.9019996044932217e-05, -0.0019320199960449203, -6.081213762498816e-05, -0.001958812137624999, -9.239475950634235e-05, -0.001984394759506347, -0.00012309589649012187, -0.0020090958964901207, -0.0001532405630289002, -0.002033240563028893, -0.00018315067559848686, -0.0020571506755984736, -0.00021314496947877348, -0.0020811449694788098, -0.00024253891680708906, -0.0021035389168070906, -0.00027064465307596874, -0.0021256446530759643, -0.00029977089829852366, -0.002146770898298511, -0.0003272228794082843, -0.0021672228794082926, -0.0003543022612387814, -0.0021873022612388104, -0.0003813070722630818, -0.002207307072263076, -0.00040753163166523665, -0.002225531631665223, -0.0004332664850275614, -0.002243266485027595, -0.00045779833496550904, -0.002260798334965508, -0.00048240997300785793, -0.002277409973007849, -0.0005063802203216783, -0.0022933802203216613, -0.0005299838633388565, -0.0023089838633388315, -0.0005534915908143034, -0.0023234915908142972, -0.0005751699396845389, -0.0023371699396845247, -0.0005972812359416602, -0.0023502812359416647, -0.0006180835370117044, -0.002363083537011701, -0.0006388305829334029, -0.002374830582933418, -0.0006587717426749795, -0.0023857717426750136, -0.0006781519620067678, -0.002396151962006765, -0.0006972117200941264, -0.002405211720094169, -0.0007151869814562284, -0.0024141869814562344, -0.0007323091493646183, -0.002422309149364643, -0.0007488050281138081, -0.002428805028113823, -0.000765896780638986, -0.002435896780638991, -0.0007808018875904432, -0.002441801887590467, -0.0007957331153381486, -0.0024467331153381067, -0.0008098984793161734, -0.002450898479316177, -0.0008235012089152782, -0.002454501208915272, -0.0008367397212386551, -0.0024577397212386387, -0.0008498075902501623, -0.0024598075902501626, -0.0008608935175091759, -0.0024608935175092217, -0.0008721813116924215, -0.0024611813116924286, -0.0008828498636326287, -0.0024608498636326526, -0.0008920731228815315, -0.0024600731228815176, -0.0009020200830013314, -0.0024590200830013342, -0.0009098547624886155, -0.0024568547624886083, -0.0009177361871243739, -0.0024537361871243557, -0.0009258183810886556, -0.002449818381088653, -0.0009322503536877413, -0.002445250353687728, -0.0009381760874754563, -0.0024401760874754597, -0.0009437345351074322, -0.0024347345351074245, -0.0009480596118163487, -0.00242805961181633, -0.0009522801892639654, -0.0024202801892639625, -0.0009555200980778666, -0.0024125200980778527, -0.0009588981259363583, -0.00240389812593636, -0.0009605280171050279, -0.0023945280171050187, -0.0009625184804711029, -0.0023855184804710827, -0.0009629731932471464, -0.002374973193247143, -0.0009639908059911606, -0.002362990805991144, -0.0009636649560498534, -0.0023516649560498537, -0.0009630842767088532, -0.0023390842767088693, -0.0009613324075682939, -0.002326332407568299, -0.0009594880132549888, -0.0023124880132550096, -0.0009576247978908548, -0.0022986247978908636, -0.0009548115205774144, -0.002283811520577411, -0.0009511120192966516, -0.002268112019296664, -0.0009465852303781885, -0.00225258523037819, -0.0009422852090907319, -0.0022362852090907492, -0.0009372611583888801, -0.0022192611583888855, -0.0009315574532776372, -0.0022015574532776583, -0.0009252136662160904, -0.0021832136662160995, -0.0009192646005360128, -0.00216526460053601, -0.0009117403194905949, -0.0021457403194906077, -0.0009046661762572017, -0.0021266661762572026, -0.0008960628517559466, -0.0021060628517559354, -0.000887946388192562, -0.002085946388192539, -0.0008793282233262312, -0.0020653282233262515, -0.0008702152325745782, -0.0020432152325745856, -0.0008596097666847269, -0.0020216097666847233, -0.0008495096900955901, -0.001999509690095602, -0.000838908426968682, -0.001976908426968682, -0.0008277950027884284, -0.0019547950027884176, -0.0008171540865259674, -0.0019311540865259713, -0.0008049660403663672, -0.00190796604036636, -0.0007932069648849682, -0.001883206964884948, -0.0007808487447920898, -0.0018588487447920854, -0.000767859101984042, -0.0018348591019840266, -0.0007552016441174092, -0.0018102016441174096, -0.0007418359135762942, -0.0017848359135763103, -0.0007277174435837697, -0.0017587174435837738, -0.0007137978098405995, -0.0017337978098406065, -0.0007000246824161727, -0.0017080246824161677, -0.0006853418846524822, -0.0016813418846524791, -0.0006706894475668745, -0.0016546894475668733, -0.0006550036643168666, -0.0016280036643168683, -0.0006402171516355082, -0.0016012171516355117, -0.0006242589066125792, -0.0015742589066125856, -0.0006090543635344781, -0.0015470543635344725, -0.0005925254574688926, -0.001520525457468891, -0.0005765906831386447, -0.0014925906831386448, -0.0005601651538060803, -0.0014651651538060834, -0.0005441606666697074, -0.0014371606666697123, -0.0005274857635942376, -0.0014094857635942315, -0.0005110457916825822, -0.001382045791682579, -0.0004942429701788181, -0.001354142970178815, -0.00047727645273833164, -0.0013261764527383313, -0.00046024238934808115, -0.0012981423893480837, -0.0004431339944925422, -0.0012701339944925366, -0.0004259416106104502, -0.0012420416106104504, -0.00040865277107202114, -0.001214052771072019, -0.00039135226929874756, -0.001185952269298754, -0.0003739222230622341, -0.0011579222230622271, -0.00035654213829793, -0.0011299421382979374, -0.00033908897881131106, -0.001101888978811319, -0.0003216372311662802, -0.0010740372311662805, -0.0003041589689857793, -0.001046158968985772, -0.0002866239229793316, -0.0010183239229793334, -0.00026919954613538466, -0.0009906995461353846, -0.00025175107823846576, -0.0009630510782384777, -0.0002343416158879924, -0.0009355416158879915, -0.00021703217775262407, -0.0009081321777526241, -0.0001996817689525754, -0.0008808817689525683, -0.00018244745089711356, -0.0008538474508971161, -0.00016528440625655783, -0.0008268844062565561, -0.00014814600298929115, -0.0008000460029892881, -0.00013118386367294566, -0.0007733838636729551, -0.00011424792996668487, -0.0007469479299666848, -9.748652601994368e-05, -0.0007205865260199451, -8.074642708427726e-05, -0.0006945464270842819, -6.417292313535411e-05, -0.000668672923135348, -4.7709881507249086e-05, -0.0006430098815072491, -3.139981442958767e-05, -0.0006174998144295868, -1.5283941713378768e-05, -0.0005922839417133799, 7.977477248719e-07, -0.0005673022522751231, 1.6606429564199054e-05, -0.0005424935704358008, 3.230438260655444e-05, -0.0005179956173934491, 4.785492856896473e-05, -0.0004937450714310385, 6.322236720035512e-05, -0.00046977763279964363, 7.837191623177864e-05, -0.0004460280837682226, 9.33696527228925e-05, -0.0004226303472771101, 0.00010818244975260849, -0.0003994175502473954, 0.00012277791806220711, 