epsilon <- c(0.19879440810568025, 0.19879440810568025, 0.19236629237128097, 0.20763844517707775, 0.1865585692856323, 0.21670178316479427, 0.18050325905609343, 0.22586099923994746, 0.1745285873219623, 0.23519596360715295, 0.16835132112997195, 0.24457992044464855, 0.16209729053870583, 0.25409268167889737, 0.1556857225763692, 0.2636038706260699, 0.14924603114355345, 0.27340763740213814, 0.1426976494955932, 0.28315879721484233, 0.136173883322532, 0.2931548771323997, 0.12937624010631416, 0.3030429112245995, 0.12243650778856838, 0.31334588335854396, 0.11549142318423432, 0.323484355788479, 0.10845873149432222, 0.3339885704620277, 0.10125355637886142, 0.3444947852039006, 0.09424476386700545, 0.35508618055574204, 0.08689383733811362, 0.3656162016870045, 0.07934013757119618, 0.37640152849526587, 0.07196320290143367, 0.38729674460182284, 0.06421020729244842, 0.39838941940756983, 0.05670288116405574, 0.4095287166326493, 0.04888089947830945, 0.4205575058757425, 0.04113719073158891, 0.4318037194860281, 0.033142813318111856, 0.44311098131069526, 0.025053159143362473, 0.4545667977847242, 0.017030329655954277, 0.4662614474362713, 0.008990361423895324, 0.47777695470124454, 0.0008466580464967008, 0.4894522848862006, 0.007490094347567324, 0.5011179057132349, 0.01585131350011812, 0.5131232629347491, 0.024324140052426852, 0.5250332735837894, 0.03273243770129309, 0.5369315642670581, 0.04116072689858667, 0.54890436291673, 0.04969614658843571, 0.5610405833081443, 0.05842853799898394, 0.5734319119711926, 0.0671733866591765, 0.5856128475561425, 0.07573742341483289, 0.5979461232706212, 0.0847672486988247, 0.6102369570453394, 0.09350587640149974, 0.6225701947976905, 0.10231906167370776, 0.6350332747565782, 0.11129511258112945, 0.6477163098696461, 0.12022965228012564, 0.6601150347672123, 0.1292067721835222, 0.6726073210524155, 0.13801120100494377, 0.6852814526975728, 0.14702735158372918, 0.6979197867722038, 0.15603831479484606, 0.7106056406231909, 0.1651281849176847, 0.7234247975520661, 0.17438353328595976, 0.7361464221647243, 0.18325509527549882, 0.7488505130340898, 0.19245842050301123, 0.7616193771482112, 0.20143446834409495, 0.7745376986298415, 0.21058775265147314, 0.787358458634513, 0.2196718594796673, 0.8001595584531275, 0.2287653359893293, 0.8130210713848186, 0.23794890945128866, 0.8256791841065323, 0.24695938889430086, 0.8385563572710595, 0.2558696417117225, 0.8513848701169866, 0.2647544560738988, 0.8638822792508707, 0.2740493858602181, 0.876840067327681, 0.2827568317370756, 0.8896166132041426, 0.29166643403897347, 0.9022808827379325, 0.30048881162784186, 0.9149035333373811, 0.3092950670289607, 0.9275569529571731, 0.31815803389366915, 0.9403153034497076, 0.3271523182065539, 0.9528634975344326, 0.3355721286749599, 0.9652644756748404, 0.3442580892486793, 0.9775825230544835, 0.3528886887066923, 0.9898832918876319, 0.36112373258045943, 1.00223382433788, 0.36983799775368653, 1.0147025790324027, 0.3778654926693255, 1.0269371731804366, 0.38608848390388506, 1.0389923092432645, 0.3945781239323441, 1.0509235433285657, 0.40253996411263837, 1.062787283362553, 0.41045280786952687, 1.074640786490212, 0.41837397155118194, 1.0865421589101372, 0.425910443950632, 1.0980931329330894, 0.4335601520947566, 1.109334837911008, 0.4409190572134625, 1.1207782889413682, 0.44849820204505025, 1.1320079516740018, 0.45540568901749406, 1.1430655552503155, 0.46262916380896446, 1.1544823770252686, 0.46925087992941367, 1.1653278868550232, 0.4762847488567874, 1.1756231652849736, 0.48278598033609044, 1.1864093170867551, 0.4892850746609359, 1.1967135187987605, 0.4953049413250075, 1.2070797656588172, 0.501388968393021, 1.2170156848505154, 0.507576774771742, 1.2270784988073475, 0.5133671275753613, 1.2367589911120438, 0.5187751689756905, 1.2460716177235946, 0.5238145262454699, 1.2555936491818411, 0.5290616260580735, 1.2647885081192625, 0.5339789193437251, 1.2736660267839472, 0.5385752503527477, 1.2822340828771956, 0.5428574499314047, 1.2904984549913106, 0.5474289562754655, 1.2990704235328059, 0.5511036209663954, 1.306744812576114, 0.5550882494199805, 1.3147452482193456, 0.5581555075096217, 1.3218244221150663, 0.5615435717039337, 1.3292378595231817, 0.5646274614258946, 1.3363495459891632, 0.5673959917679978, 1.3424806222031878, 0.5691686806406232, 1.3489359009553292, 0.5712487240994882, 1.3550394007194329, 0.5729583497603981, 1.3607668189956446, 0.5742714054322521, 1.3667983518308051, 0.5758661638660799, 1.371694690186504, 0.5763012359615453, 1.3768472237895437, 0.5769659110736682, 1.3807616192544472, 0.5771069183409875, 1.3848648881677807, 0.5766742784496346, 1.3891397286495362, 0.5763798085231132, 1.39278421490914, 0.575418988044069, 1.3957333658458142, 0.5737241456498842, 1.3979154626689243, 0.5720267100274069, 1.4008902506711214, 0.5702848736587965, 1.4029872044291762, 0.5676179266626489, 1.4041136797271505, 0.5647768456938979, 1.4050297171300372, 0.5608388255132003, 1.405668998779858, 0.5574425128956353, 1.4059577406184247, 0.5527741531298296, 1.4058142439075794, 0.5485147865436549, 1.4051484241768522, 0.5427747260767021, 1.4047981831416794, 0.5372780483414974, 1.402797608235491, 0.5310075303164065, 1.4009190080948535, 0.5248108891854403, 1.3980978137534412, 0.5176199277709238, 1.3951989265859908, 0.5102956570666942, 1.3921247750539698, 0.502225850065611, 1.3881441735661442, 0.4935834631953806, 1.3836346487990077, 0.4844457852236394, 1.378568049346987, 0.4747855748391973, 1.373021349302521, 0.464571167782754, 1.366851560283013, 0.453766207413024, 1.3602435907435961, 0.44244292344006564, 1.352931015193997, 0.43044528473688926, 1.3450964260341585, 0.4179566950717769, 1.3366939361831263, 0.40481227585828244, 1.3275498921242805, 0.39107683377058533, 1.3179729336106794, 0.37669357749364585, 1.3076594814477716, 0.3615993860884565, 1.2966679650180792, 0.34598237714891106, 1.2851907175321327, 0.32964871871423246, 1.2728971588518863, 0.31265558742660954, 1.259975132777009, 0.2950626850701711, 1.2463471803476696, 0.2766545284356375, 1.2320696778601465, 0.2576220928287196, 1.2172016053069152, 0.23788089901925366, 1.2015106076927133, 0.2173382396364216, 1.1850444188199238, 0.1961924173564092, 1.1678531133175711, 0.17419746492992313, 1.1499892690464812, 0.15155379818319195, 1.1311906231867725, 0.12800009366102372, 1.1118204095200073, 0.10373862860992061, 1.0916093084159484, 0.07865662121450524, 1.070601827999136, 0.052799418916407714, 1.0486734309880743, 0.02621498931153448, 1.0260387416148204, 0.0013958156466033161, 1.0025718123010692, 0.02964316938474799, 0.9781356071468769, 0.058834510968606, 0.9529528309992827, 0.08893166360154676, 0.9268848500562961, 0.11989374042394585, 0.8999743918459044, 0.1516769134914615, 0.8720700657691479, 0.1844313317601386, 0.8434102524603223, 0.2181185728307764, 0.8136367808113101, 0.25269705489576866, 0.7829904152991181, 0.2881217608238691, 0.751518322130343, 0.32455776149439014, 0.7188349540464983, 0.3619655083141128, 0.6854142236792127, 0.4005244877071391, 0.6508604688870733, 0.4397463808101235, 0.6154417633941767, 0.480261965893414, 0.5789753940446085, 0.5215696885185439, 0.541263747243977, 0.5640924378342559, 0.5028353417498543, 0.6075468562049041, 0.4632550566126634, 0.6521288211660137, 0.4225669902756915, 0.6977920712105015, 0.3808206225071006, 0.7442214887291402, 0.3378022224779837, 0.7921491477854558, 0.2938310265358578, 0.8409954230958493, 0.24869449198468177, 0.8909698201963698, 0.20245017712004365, 0.942011652565163, 0.15516291549009564, 0.9943457387256487, 0.10660590634989733, 1.047914907662183, 0.0568408383096502, 1.1026540888161187, 0.00593776136414945, 1.1581768880850225, 0.04602415515521958, 1.2153383382514613, 0.09928268746107707, 1.2734337401879787, 0.1537597758194309, 1.3330271602688233, 0.20970836905589546, 1.3937060859345112, 0.26670203687133565, 1.4557148160341302, 0.3249858205506173, 1.5189593028066661, 0.3848234096325692, 1.58369769464403, 0.44575135578726144, 1.6494610784744006, 0.5080227489647899, 1.716496208043396, 0.5715191373400093, 1.7850683679886556, 