kuni0.1 <- c(50.0, 38.2924, 47.2896, 43.36848, 31.638560000000005, 19.443839999999994, 14.764342857142854, 14.479831578947366, 11.807199999999995, 10.148800000000001, 8.873465546218494, 7.9318202843601835, 7.248879424460426, 6.539080812641079, 5.958241262683203, 5.50898613396005, 5.111855889145501, 4.753159823429541, 4.4441710569322606, 4.172115109959875, 3.9272563714331086, 3.7083261486489447, 3.512449411648524, 3.3336630221609154, 3.1706336609756782, 3.0230867803614387, 2.887978585047482, 2.76280025694936, 2.6482308311887497, 2.542241841106243, 2.4435585499148753, 2.352177281474904, 2.266870691650578, 2.187625085428471, 2.11294198599731, 2.043021217390256, 1.9775593194359207, 1.9160998587602773, 1.8581409507304014, 1.8029228779530924, 1.7508295272814458, 1.702097951200602, 1.6552656576114235, 1.611405059273749, 1.569355282369442, 1.5292902185402304, 1.4907357795026321, 1.454607011747282, 1.4198941376825909, 1.386464633778874, 1.355401890213554)
kuni0.01 <- c(NA, NA, NA, NA, 33.730079999999994, 26.486240000000006, 31.002240000000004, 22.85952, 39.63178666666665, 29.75469714285714, 25.903725714285713, 27.290572800000007, 27.089354418604657, 23.32497454545455, 22.46447807228915, 19.73408634560906, 18.381762282453636, 18.05806849356548, 16.336970322580648, 15.60300552420109, 14.007505454545452, 13.177041573898052, 12.878872000548656, 11.950419697909464, 11.499423458502376, 11.400591921495073, 10.820953320330116, 10.567302337086856, 9.949268749555095, 9.622126812482398, 9.017560980263951, 8.665747950755135, 8.510782805262416, 8.126760884643426, 7.923259556630759, 7.8650903465782935, 7.613178149380491, 7.209801665700449, 6.955015987131054, 6.821966108342712, 6.556774975774167, 6.402571270199607, 6.34129196826699, 6.1641181908752785, 6.073833307750337, 5.885106464815175, 5.776981927632924, 5.582760117250223, 5.464016859561979, 5.408240338919714, 5.275956299994214)
kuni0.001 <- c(NA, NA, NA, NA, NA, NA, NA, 60.7232, 101.143552, 155.343104, 122.02777600000002, 144.2164906666667, 132.98621440000002, 124.0602112, 114.10180042105263, 114.33945987878786, 100.25367405714287, 92.78969086131389, 79.50610237908498, 80.20372093584906, 68.9084757473339, 67.4784099858156, 62.68213563675864, 60.00340449425159, 58.813316567887995, 55.381828475629845, 50.54021727125683, 49.88581769782453, 47.65388829682134, 44.33671297797301, 43.96227039385862, 42.426309878431255, 40.03243599111996, 38.42596981229482, 37.431382970796236, 35.75448797929614, 34.63816793217098, 33.97095380371151, 32.74697933377702, 31.942973236829836, 30.69123079230292, 29.82473425327376, 29.276845160682196, 28.350254549968902, 27.72026257750409, 26.776200313264393, 26.106460844156903, 25.669269612389616, 24.958660854074786, 24.466761429106278, 23.74147324359424)
kuni0.0001 <- c(NA, NA, NA, NA, NA, NA, NA, NA, NA, NA, 227.61958400000003, 323.825408, 451.870464, 622.4107008, 491.0577152, 358.53835263999997, 402.4139556571428, 349.6481133714286, 285.47401386666667, 284.94368861090913, 259.2163998254545, 219.77672104980238, 215.25120755973154, 197.92127346503884, 188.066066028588, 170.8227169081616, 159.91188533326027, 153.26822080776145, 141.90255916272127, 134.4066494334654, 129.69815922503872, 121.78259396114655, 116.4317048396288, 113.00091236879162, 107.23466041936275, 103.26637727561847, 100.69301330935072, 96.34511282010594, 90.74158464350194, 88.94243128920954, 85.77260757119812, 83.56482049190113, 80.27778348512018, 77.88632265945658, 74.64348452382994, 73.68387251233851, 70.45803549294847, 69.26048045497836, 67.33074918030368, 65.93623627626035, 63.932621174008275)
kuni1e05 <- c(NA, NA, NA, NA, NA, NA, NA, NA, NA, NA, NA, NA, NA, NA, 849.7853952, 1153.3006335999999, 1558.9586432, 1218.4925696, 1270.1742592, 953.7814308571429, 815.6989513142858, 768.0112128, 735.672153540465, 650.3161828072729, 597.8001518882841, 518.2028756666307, 467.1597315628347, 434.85492912194337, 415.74014856273055, 380.3505193162022, 357.102837681132, 324.5342160673783, 317.28187542561204, 286.9079028306437, 276.81580834178465, 260.2399993258182, 248.59582659457007, 240.673007133649, 228.1320064618746, 219.12345906242717, 206.8173793937865, 197.7059297798651, 191.07938893214813, 181.93261158013445, 179.19287908848838, 170.0410167505417, 166.50201172452995, 160.9219908386715, 153.7887096454529, 148.2652690273511, 144.0554355725747)
kuni1e06 <- c(NA, NA, NA, NA, NA, NA, NA, NA, NA, NA, NA, NA, NA, NA, NA, NA, NA, 2101.7998848, 2829.0397696, 3804.44613632, 2938.76800512, 3008.8460868266666, 2728.4372910079996, 2316.489529344, 2027.1655564126315, 1633.6872712334884, 1612.4648175908571, 1443.0924015929925, 1215.0539319702932, 1072.626735104, 980.6815510940523, 920.7012384035032, 883.9516608199851, 811.6853387405977, 721.3680584095135, 693.4955142118354, 644.8595749631208, 584.4398221173075, 563.5640009739681, 529.4225834975045, 504.842462808145, 471.360055403449, 446.564502208655, 428.34397148054154, 403.7370249889201, 385.1717382410867, 371.31058396435793, 352.6781092181781, 338.41195903289696, 327.62624742501345, 313.15820341942805)
kuni1e07 <- c(NA, NA, NA, NA, NA, NA, NA, NA, NA, NA, NA, NA, NA, NA, NA, NA, NA, NA, NA, NA, 5114.0231884800005, 6873.995089919999, 9241.386096639999, 12428.553820160001, 9455.715031040001, 6415.834486784, 6833.055087762285, 5626.696561517714, 4291.0834580635155, 4111.098298256291, 3564.3587227648, 2887.344980154182, 2736.1485048371546, 2426.685550392637, 2223.382193613065, 1941.7801790528604, 1751.1637771153464, 1620.5138145784822, 1530.4854876434413, 1395.9902297294182, 1300.1245589516784, 1178.5589264644912, 1090.0323261576311, 1025.078888931806, 977.5996518502022, 912.1441529278958, 863.0187942614384, 826.3325690352085, 777.0233816196212, 739.3305152717361, 710.6910188795935)
kuni1e08 <- c(NA, NA, NA, NA, NA, NA, NA, NA, NA, NA, NA, NA, NA, NA, NA, NA, NA, NA, NA, NA, NA, NA, NA, NA, 16722.68225536, 22512.767932415998, 30325.078562815997, 22843.312642048, 22788.149155839998, 16075.537099337143, 13048.888985014859, 11721.89748224, 10812.612952492651, 9060.599087588073, 7075.417198582106, 6562.316224015181, 5673.148491842654, 5094.895877080366, 4708.941760645027, 4139.059965693447, 3745.962205983188, 3268.4563019252664, 3100.3909484683127, 2835.274741488729, 2520.3006379354415, 2395.373712366688, 2212.5290671325142, 2076.820633729175, 1905.0613095726753, 1775.457960438274, 1677.18044514659)
kuni1e09 <- c(NA, NA, NA, NA, NA, NA, NA, NA, NA, NA, NA, NA, NA, NA, NA, NA, NA, NA, NA, NA, NA, NA, NA, NA, NA, NA, NA, 40872.64582656, 55122.00513740799, 74382.78597632, 55554.72309248, 54997.057380488535, 48712.30331904, 39179.623405567996, 32817.44313982114, 24867.304119186458, 23811.236442334353, 17852.455017126627, 16213.511324850117, 13662.27780722688, 12009.973983766657, 10904.190142140804, 9396.705895511632, 8362.359164426565, 7633.950327049052, 7118.224137699188, 6384.223800314359, 5852.677524328256, 5205.088367722491, 4729.788479056617, 4375.889066635673)
kuni1e10 <- c(NA, NA, NA, NA, NA, NA, NA, NA, NA, NA, NA, NA, NA, NA, NA, NA, NA, NA, NA, NA, NA, NA, NA, NA, NA, NA, NA, NA, NA, NA, 100432.299497472, 135680.02235392, 183396.8942641152, 248021.9786768384, 183502.1209628672, 117838.42755862529, 123075.73522203795, 97198.14003824348, 69853.17876016593, 65001.68365820686, 53890.518925915225, 41284.66157242101, 37900.59771047249, 32227.198687237797, 25967.38376147967, 23813.660638824513, 20675.01704590124, 18488.10643689332, 15861.716839549621, 14876.330562419435, 13397.216553586577)
kuni1e11 <- c(NA, NA, NA, NA, NA, NA, NA, NA, NA, NA, NA, NA, NA, NA, NA, NA, NA, NA, NA, NA, NA, NA, NA, NA, NA, NA, NA, NA, NA, NA, NA, NA, NA, NA, 335584.3359338496, 454273.18017843197, 615211.4459150746, 452507.0896263168, 441952.23612951214, 298692.28484812804, 233669.5232778006, 203272.70754786674, 153058.3713475059, 146457.90309036404, 108396.19550668019, 97465.03092675928, 80842.98702814092, 70030.54384336065, 57303.28663698539, 53020.57765427829, 46367.82681499054)
