p <- c(0.5, 0.5, 0.4960678933590046, 0.4960678933590046, 0.492136161780623, 0.492136161780623, 0.48820518022034776, 0.48820518022034776, 0.48427532342661195, 0.48427532342661195, 0.48034696583379066, 0.48034696583379066, 0.47642048145538674, 0.47642048145538674, 0.4724962437844802, 0.4724962437844802, 0.4685746256873511, 0.4685746256873511, 0.4646559992973671, 0.4646559992973671, 0.46074073591625364, 0.46074073591625364, 0.4568292059087433, 0.4568292059087433, 0.45292177859757565, 0.45292177859757565, 0.44901882216604605, 0.44901882216604605, 0.44512070355411204, 0.44512070355411204, 0.44122778835486365, 0.44122778835486365, 0.43734044071882927, 0.43734044071882927, 0.4334590232518458, 0.4334590232518458, 0.42958389691354704, 0.42958389691354704, 0.42571542092373527, 0.42571542092373527, 0.4218539526624667, 0.4218539526624667, 0.4179998475709059, 0.4179998475709059, 0.41415345906015766, 0.41415345906015766, 0.41031513841399736, 0.41031513841399736, 0.4064852346924859, 0.4064852346924859, 0.4026640946435762, 0.4026640946435762, 0.39885206260893646, 0.39885206260893646, 0.3950494804305684, 0.3950494804305684, 0.3912566873657273, 0.3912566873657273, 0.3874740199960449, 0.3874740199960449, 0.383701812137625, 0.383701812137625, 0.37994039475950636, 0.37994039475950636, 0.3761900958964901, 0.3761900958964901, 0.3724512405630289, 0.3724512405630289, 0.3687241506755985, 0.3687241506755985, 0.3650091449694788, 0.3650091449694788, 0.3613065389168071, 0.3613065389168071, 0.35761664465307597, 0.35761664465307597, 0.35393977089829853, 0.35393977089829853, 0.3502762228794083, 0.3502762228794083, 0.3466263022612388, 0.3466263022612388, 0.3429903070722631, 0.3429903070722631, 0.33936853163166525, 0.33936853163166525, 0.3357612664850276, 0.3357612664850276, 0.3321687983349655, 0.3321687983349655, 0.32859140997300784, 0.32859140997300784, 0.3250293802203217, 0.3250293802203217, 0.32148298386333884, 0.32148298386333884, 0.3179524915908143, 0.3179524915908143, 0.31443816993968454, 0.31443816993968454, 0.31094028123594164, 0.31094028123594164, 0.3074590835370117, 0.3074590835370117, 0.3039948305829334, 0.3039948305829334, 0.300547771742675, 0.300547771742675, 0.29711815196200675, 0.29711815196200675, 0.29370621172009415, 0.29370621172009415, 0.2903121869814562, 0.2903121869814562, 0.28693630914936463, 0.28693630914936463, 0.28357880502811383, 0.28357880502811383, 0.280239896780639, 0.280239896780639, 0.27691980188759047, 0.27691980188759047, 0.27361873311533813, 0.27361873311533813, 0.2703368984793162, 0.2703368984793162, 0.2670745012089153, 0.2670745012089153, 0.26383173972123863, 0.26383173972123863, 0.2606088075902502, 0.2606088075902502, 0.2574058935175092, 0.2574058935175092, 0.2542231813116924, 0.2542231813116924, 0.25106084986363264, 0.25106084986363264, 0.24791907312288153, 0.24791907312288153, 0.24479802008300133, 0.24479802008300133, 0.24169785476248862, 0.24169785476248862, 0.23861873618712437, 0.23861873618712437, 0.23556081838108867, 0.23556081838108867, 0.23252425035368773, 0.23252425035368773, 0.22950917608747545, 0.22950917608747545, 0.22651573453510743, 0.22651573453510743, 0.22354405961181634, 0.22354405961181634, 0.22059428018926397, 0.22059428018926397, 0.21766652009807785, 0.21766652009807785, 0.21476089812593635, 0.21476089812593635, 0.21187752801710502, 0.21187752801710502, 0.2090165184804711, 0.2090165184804711, 0.20617797319324715, 0.20617797319324715, 0.20336199080599116, 0.20336199080599116, 0.20056866495604986, 0.20056866495604986, 0.19779808427670886, 0.19779808427670886, 0.1950503324075683, 0.1950503324075683, 0.192325488013255, 0.192325488013255, 0.18962362479789086, 0.18962362479789086, 0.1869448115205774, 0.1869448115205774, 0.18428911201929665, 0.18428911201929665, 0.1816565852303782, 0.1816565852303782, 0.17904728520909075, 0.17904728520909075, 0.1764612611583889, 0.1764612611583889, 0.17389855745327765, 0.17389855745327765, 0.1713592136662161, 0.1713592136662161, 0.168843264600536, 0.168843264600536, 0.1663507403194906, 0.1663507403194906, 0.1638816661762572, 0.1638816661762572, 0.16143606285175593, 0.16143606285175593, 0.15901394638819255, 0.15901394638819255, 0.15661532822332624, 0.15661532822332624, 0.15424021523257458, 0.15424021523257458, 0.15188860976668472, 0.15188860976668472, 0.1495605096900956, 0.1495605096900956, 0.14725590842696867, 0.14725590842696867, 0.14497479500278843, 0.14497479500278843, 0.14271715408652597, 0.14271715408652597, 0.14048296604036636, 0.14048296604036636, 0.13827220696488496, 0.13827220696488496, 0.1360848487447921, 0.1360848487447921, 0.13392085910198404, 0.13392085910198404, 0.1317802016441174, 0.1317802016441174, 0.1296628359135763, 0.1296628359135763, 0.12756871744358378, 0.12756871744358378, 0.1254977978098406, 0.1254977978098406, 0.12345002468241617, 0.12345002468241617, 0.12142534188465248, 0.12142534188465248, 0.11942368944756687, 0.11942368944756687, 0.11744500366431687, 0.11744500366431687, 0.11548921715163551, 0.11548921715163551, 0.11355625890661258, 0.11355625890661258, 0.11164605436353447, 0.11164605436353447, 0.10975852545746889, 0.10975852545746889, 0.10789359068313864, 0.10789359068313864, 0.10605116515380608, 0.10605116515380608, 0.10423116066666971, 0.10423116066666971, 0.10243348576359423, 0.10243348576359423, 0.10065804579168258, 0.10065804579168258, 0.09890474297017882, 0.09890474297017882, 0.09717347645273833, 0.09717347645273833, 0.09546414238934808, 0.09546414238934808, 0.09377663399449254, 0.09377663399449254, 0.09211084161061045, 0.09211084161061045, 0.09046665277107202, 0.09046665277107202, 0.08884395226929875, 0.08884395226929875, 0.08724262222306223, 0.08724262222306223, 0.08566254213829794, 0.08566254213829794, 0.08410358897881132, 0.08410358897881132, 0.08256563723116628, 0.08256563723116628, 0.08104855896898577, 0.08104855896898577, 0.07955222392297934, 0.07955222392297934, 0.07807649954613538, 0.07807649954613538, 0.07662125107823847, 0.07662125107823847, 0.075186341615888, 0.075186341615888, 0.07377163217775262, 0.07377163217775262, 0.07237698176895258, 0.07237698176895258, 0.07100224745089712, 0.07100224745089712, 0.06964728440625656, 0.06964728440625656, 0.06831194600298929, 0.06831194600298929, 0.06699608386367295, 0.06699608386367295, 0.06569954792996668, 0.06569954792996668, 0.06442218652601994, 0.06442218652601994, 0.06316384642708428, 0.06316384642708428, 0.06192437292313535, 0.06192437292313535, 0.06070360988150725, 0.06070360988150725, 0.05950139981442959, 0.05950139981442959, 0.05831758394171338, 0.05831758394171338, 0.057152002252275125, 0.057152002252275125, 0.0560044935704358, 0.0560044935704358, 0.05487489561739345, 0.05487489561739345, 0.05376304507143104, 0.05376304507143104, 0.052668777632799646, 0.052668777632799646, 0.051591928083768224, 0.051591928083768224, 0.05053233034727711, 0.05053233034727711, 0.049489817550247395, 0.049489817550247395, 0.04846422208193779, 0.04846422208193779, 0.0474553756509799, 0.0474553756509799, 0.04646310934682596, 0.04646310934682596, 0.0454872536963169, 0.0454872536963169, 0.044527638718854234, 0.044527638718854234, 0.043584093985858274, 0.043584093985858274, 0.042656448675392866, 0.042656448675392866, 0.04174453162532821, 0.04174453162532821, 0.04084817139063013, 0.04084817139063013, 0.03996719629591716, 0.03996719629591716, 0.03910143448643666, 0.03910143448643666, 0.03825071398313007, 0.03825071398313007, 0.03741486273293759, 0.03741486273293759, 0.036593708657497004, 0.036593708657497004, 0.03578707970583217, 0.03578707970583217, 0.03499480390230758, 0.03499480390230758, 0.03421670939295929, 0.03421670939295929, 0.03345262449572495, 0.03345262449572495, 0.03270237774591145, 0.03270237774591145, 0.03196579794010468, 0.03196579794010468, 0.03124271418379898, 0.03124271418379898, 0.03053295593438321, 0.03053295593438321, 0.02983635304251031, 0.02983635304251031, 0.02915273579706401, 0.02915273579706401, 0.028481934965608247, 0.028481934965608247, 0.027823781833122396, 0.027823781833122396, 0.027178108244326538, 