Pexact <-c(0.5026511928444961, 0.4973488071555039, 0.4973488071555039, 0.49204687935980473, 0.49204687935980473, 0.48674632520760497, 0.48674632520760497, 0.4814480597624424, 0.4814480597624424, 0.47615299673179834, 0.47615299673179834, 0.47086204841616563, 0.47086204841616563, 0.46557612505421275, 0.46557612505421275, 0.46029613415157655, 0.46029613415157655, 0.45502298043902556, 0.45502298043902556, 0.44975756522308075, 0.44975756522308075, 0.4445007857220844, 0.4445007857220844, 0.43925353504255327, 0.43925353504255327, 0.4340167015197949, 0.4340167015197949, 0.42879116808217077, 0.42879116808217077, 0.42357781222199264, 0.42357781222199264, 0.41837750536433305, 0.41837750536433305, 0.4131911122458405, 0.4131911122458405, 0.4080194908829071, 0.4080194908829071, 0.40286349197413074, 0.40286349197413074, 0.39772395828094886, 0.39772395828094886, 0.3926017246240008, 0.3926017246240008, 0.38749761731014587, 0.38749761731014587, 0.3824124535112787, 0.3824124535112787, 0.37734704130252794, 0.37734704130252794, 0.37230217908927443, 0.37230217908927443, 0.3672786550314413, 0.3672786550314413, 0.36227724709442555, 0.36227724709442555, 0.3572987224933968, 0.3572987224933968, 0.3523438371539669, 0.3523438371539669, 0.3474133357713072, 0.3474133357713072, 0.34250795130174083, 0.34250795130174083, 0.33762840444160247, 0.33762840444160247, 0.33277540370727365, 0.33277540370727365, 0.32794964496406465, 0.32794964496406465, 0.32315181092417333, 0.32315181092417333, 0.31838257126491953, 0.31838257126491953, 0.31364258219036856, 0.31364258219036856, 0.3089324859483895, 0.3089324859483895, 0.3042529109879979, 0.3042529109879979, 0.299604471542807, 0.299604471542807, 0.294987767193561, 0.294987767193561, 0.29040338305367186, 0.29040338305367186, 0.28585188937813655, 0.28585188937813655, 0.28133384116608795, 0.28133384116608795, 0.2768497783717976, 0.2768497783717976, 0.27240022555361065, 0.27240022555361065, 0.2679856915201526, 0.2679856915201526, 0.2636066695504269, 0.2636066695504269, 0.25926363710004807, 0.25926363710004807, 0.2549570554620004, 0.2549570554620004, 0.2506873700367578, 0.2506873700367578, 0.24645501007216808, 0.24645501007216808, 0.24226038834785868, 0.24226038834785868, 0.23810390148810257, 0.23810390148810257, 0.2339859297280782, 0.2339859297280782, 0.22990683664193057, 0.22990683664193057, 0.22586696949292673, 0.22586696949292673, 0.2218666590142675, 0.2218666590142675, 0.21790621919626574, 0.21790621919626574, 0.21398594764104928, 0.21398594764104928, 0.21010612540612783, 0.21010612540612783, 0.2062670168124896, 0.2062670168124896, 0.20246886982477008, 0.20246886982477008, 0.1987119159375652, 0.1987119159375652, 0.19499637000808434, 0.19499637000808434, 0.1913224306754273, 0.1913224306754273, 0.1876902802796394, 0.1876902802796394, 0.18410008471528272, 0.18410008471528272, 0.18055199389073096, 0.18055199389073096, 0.17704614166450483, 0.17704614166450483, 0.17358264574704663, 0.17358264574704663, 0.17016160817820492, 0.17016160817820492, 0.16678311529085477, 0.16678311529085477, 0.16344723764541413, 0.16344723764541413, 0.16015403052551846, 0.16015403052551846, 0.1569035339389302, 0.1569035339389302, 0.15369577258115896, 0.15369577258115896, 0.15053075633932167, 0.15053075633932167, 0.14740848033306975, 0.14740848033306975, 0.14432892489276128, 0.14432892489276128, 0.1412920560924249, 0.1412920560924249, 0.1382978258179719, 0.1382978258179719, 0.13534617175537278, 0.13534617175537278, 0.132437017952725, 0.132437017952725, 0.129570274899379, 0.129570274899379, 0.12674583954776608, 0.12674583954776608, 0.12396359589092754, 0.12396359589092754, 0.12122341504800715, 0.12122341504800715, 0.11852515531882091, 0.11852515531882091, 0.11586866276047658, 0.11586866276047658, 0.11325377130287961, 0.11325377130287961, 0.11068030282331165, 0.11068030282331165, 0.10814806771304575, 0.10814806771304575, 0.10565686503105098, 0.10565686503105098, 0.10320648256856657, 0.10320648256856657, 0.10079669744754938, 0.10079669744754938, 0.09842727627710701, 0.09842727627710701, 0.09609797522443841, 0.09609797522443841, 0.09380854062601429, 0.09380854062601429, 0.09155870914401021, 0.09155870914401021, 0.08934820786180353, 0.08934820786180353, 0.08717675489060639, 0.08717675489060639, 0.08504405952771776, 0.08504405952771776, 0.08294982236930082, 0.08294982236930082, 0.08089373590337345, 0.08089373590337345, 0.07887548468988825, 0.07887548468988825, 0.07689474547078134, 0.07689474547078134, 0.07495118775841547, 0.07495118775841547, 0.07304447402020742, 0.07304447402020742, 0.07117425979049585, 0.07117425979049585, 0.06934019425534643, 0.06934019425534643, 0.06754192044627416, 0.06754192044627416, 0.06577907533574034, 0.06577907533574034, 0.06405129042923363, 0.06405129042923363, 0.06235819194534997, 0.06235819194534997, 0.06069940092311299, 0.06069940092311299, 0.059074533801322104, 0.059074533801322104, 0.05748320258771855, 0.05748320258771855, 0.05592501497176272, 0.05592501497176272, 0.054399574884882895, 0.054399574884882895, 0.05290648267146025, 0.05290648267146025, 0.05144533520160621, 0.05144533520160621, 0.05001572640048835, 0.05001572640048835, 0.04861724743295781, 0.04861724743295781, 0.04724948679086083, 0.04724948679086083, 0.0459120308241836, 0.0459120308241836, 0.04460446391294681, 0.04460446391294681, 0.04332636853905569, 0.04332636853905569, 0.04207732581107848, 0.04207732581107848, 0.04085691561522253, 0.04085691561522253, 0.03966471669173188, 0.03966471669173188, 0.0385003071387473, 0.0385003071387473, 0.037363264543273544, 0.037363264543273544, 0.03625316605939588, 0.03625316605939588, 0.03516958887939836, 0.03516958887939836, 0.03411211037018802, 0.03411211037018802, 0.03308030813332152, 0.03308030813332152, 0.032073760450657574, 0.032073760450657574, 0.031092046418052632, 0.031092046418052632, 0.030134745980831212, 0.030134745980831212, 0.029201440374890808, 0.029201440374890808, 0.02829171223947924, 0.02829171223947924, 0.027405145639932016, 0.027405145639932016, 0.026541326487858896, 0.026541326487858896, 0.025699842639369308, 0.025699842639369308, 0.024880283909624268, 0.024880283909624268, 0.024082242473923543, 0.024082242473923543, 0.023305312941374723, 0.023305312941374723, 0.02254909236671665, 0.02254909236671665, 0.021813180620483763, 0.021813180620483763, 0.02109718045903719, 0.02109718045903719, 0.020400697521836264, 0.020400697521836264, 0.019723340672499035, 0.019723340672499035, 0.019064722061557404, 0.019064722061557404, 0.01842445710553875, 0.01842445710553875, 0.01780216481165553, 0.01780216481165553, 0.017197467831465474, 0.017197467831465474, 0.016609992411758867, 0.016609992411758867, 0.016039368714700686, 0.016039368714700686, 0.015485230842386954, 0.015485230842386954, 0.014947216789551021, 0.014947216789551021, 0.01442496873823984, 0.01442496873823984, 0.013918133063270943, 0.013918133063270943, 0.01342636028311972, 0.01342636028311972, 0.012949305320944404, 0.012949305320944404, 0.01248662751095253, 0.01248662751095253, 0.01203799053473631, 0.01203799053473631, 0.011603062654103269, 0.011603062654103269, 0.011181516717442719, 0.011181516717442719, 0.010773030070595269, 0.010773030070595269, 0.010377284787864482, 0.010377284787864482, 0.00999396765655547, 0.00999396765655547, 0.009622770078749454, 0.009622770078749454, 0.00926338828594453, 0.00926338828594453, 0.008915523308132833, 0.008915523308132833, 0.008578880873756134, 0.008578880873756134, 0.00825317160524719, 0.00825317160524719, 0.007938110973555013, 0.007938110973555013, 0.007633419193552982, 0.007633419193552982, 0.0073388213977523264, 0.0073388213977523264, 0.0070540475899179, 0.0070540475899179, 0.00677883253138134, 0.00677883253138134, 0.00651291589201719, 0.00651291589201719, 0.00625604220203968, 0.00625604220203968, 0.006007960726492456, 0.006007960726492456, 0.005768425607129757, 0.005768425607129757, 0.005537195808756223, 0.005537195808756223, 0.005314034977345727, 0.005314034977345727, 0.005098711578284565, 0.005098711578284565, 0.0048909988272498595, 